7 12 8 60
00 00 00 00 00 00 00
00 00 00 00 00 00 00
00 00 01 00 00 00 00
00 00 01 00 00 00 00
00 00 01 00 00 00 00
00 00 01 00 00 00 00
00 00 01 00 00 00 00
00 00 01 01 14 00 00

00 00 00 00 00 00 00
00 00 00 00 00 00 00
00 00 10 00 00 00 00
00 00 00 00 00 00 00
00 00 00 00 00 00 00
00 00 00 00 00 00 00
00 00 00 00 00 00 00
00 00 00 00 00 00 00

00 00 00 00 00 00 00
00 00 00 00 00 00 00
00 00 00 00 00 00 00
00 00 00 00 00 00 00
00 00 00 00 00 00 00
00 00 00 00 00 00 00
00 00 00 00 00 00 00
00 00 00 00 00 00 00

00 00 01 18 00 00 07
00 00 00 00 00 00 01
00 00 01 01 01 00 01
01 01 01 01 01 01 01
01 00 05 01 01 00 00
01 00 00 00 00 00 00
06 00 00 19 01 00 00
00 00 00 00 00 00 00

00 00 10 00 00 00 00
00 00 00 00 00 00 00
00 00 00 00 00 00 00
00 00 00 00 00 00 00
00 00 00 00 00 00 00
00 00 00 00 00 00 00
00 00 00 00 10 00 00
00 00 00 00 00 00 00

00 00 00 00 00 00 00
00 00 00 00 00 00 00
00 00 00 00 00 00 00
00 00 00 00 00 00 00
00 00 00 00 00 00 00
00 00 00 00 00 00 00
00 00 00 00 00 00 00
00 00 00 00 14 00 00

18 00 00 17 00 00 17
00 00 00 01 00 00 00
00 00 01 01 05 00 00
18 01 01 01 01 01 19
00 00 01 01 01 00 00
00 00 00 01 00 00 00
16 00 00 16 00 00 19
00 00 00 00 00 00 00

11 00 00 11 00 00 11
00 00 00 00 00 00 00
00 00 00 00 00 00 00
11 00 00 99 00 00 11
00 00 00 00 00 00 00
00 00 00 00 00 00 00
11 00 00 11 00 00 11
00 00 00 00 00 00 00

00 00 00 00 00 00 00
00 00 00 00 00 00 00
00 00 00 00 00 00 00
00 00 00 00 00 00 00
00 00 00 00 00 00 00
00 00 00 00 00 00 00
00 00 00 00 00 00 00
00 00 00 00 14 00 00

00 00 00 00 00 00 00
00 00 00 00 00 00 00
00 00 00 00 00 00 00
00 00 00 00 00 00 00
00 00 00 00 00 00 00
00 00 00 00 00 00 00
00 00 00 00 00 00 00
00 00 00 00 00 00 00

01 01 01 01 01 01 01
01 00 00 00 00 00 01
01 00 00 00 00 00 01
01 00 00 00 00 00 01
01 00 00 00 00 00 01
01 00 00 00 00 00 01
01 01 01 01 01 01 01
00 00 00 00 01 00 00

11 00 00 11 00 00 11
00 00 00 00 00 00 00
00 00 00 00 00 00 00
11 00 00 00 00 00 11
00 00 00 00 00 00 00
00 00 00 00 00 00 00
11 00 10 00 10 00 11
00 00 00 00 00 00 00